0 -1.4903377 -0.49737796 -0.054694783 -0.18684949788718133 0.13465726982544204 0.112927217804663 0.9665413226041422
1 -1.4903431 -0.496407 -0.054840837 -0.1869170982032345 0.1343570942298535 0.11275415531587864 0.9665902286327932
2 -1.4901555 -0.49652845 -0.054867405 -0.1866563225182417 0.13474227817031223 0.11307813294845102 0.9665491563217737
3 -1.4906856 -0.49649736 -0.054092597 -0.1868395018235659 0.1356768903380427 0.11446828824228832 0.9662193296417748
4 -1.4902891 -0.49637714 -0.054318253 -0.18758056934667555 0.13558760841116524 0.11450795360522081 0.9660835673015364
5 -1.4898671 -0.49600372 -0.054711267 -0.18719870486638182 0.13586508124946478 0.11432983207036743 0.9661397487383423
6 -1.4904492 -0.49563473 -0.054364897 -0.1871338473222385 0.13641509950559452 0.11470785867700571 0.9660299948609214
7 -1.4901382 -0.49660033 -0.05405242 -0.1882976609300583 0.13636924124631836 0.11495586451910851 0.9657808085393065
8 -1.4891007 -0.49591169 -0.054901496 -0.18792242164100995 0.13601441550635157 0.11523661668288547 0.9658704697807703
9 -1.4896319 -0.49555743 -0.054066256 -0.18850178893437314 0.13695442747036626 0.115108093184944 0.9656400402055269
10 -1.4883981 -0.49584064 -0.054531612 -0.18886331747428323 0.13648453551861972 0.11535995954622415 0.965605871259267
11 -1.4879211 -0.49558648 -0.05487166 -0.188864577551351 0.1359929421141071 0.11568482188078419 0.9656361183323199
12 -1.489578 -0.49597883 -0.053710982 -0.18874966836922183 0.13674864347589336 0.11604169613556334 0.9655090346319879
13 -1.4892406 -0.49529648 -0.053393692 -0.1893699617021552 0.1369294282224013 0.11603414284743425 0.965362847319738
14 -1.4882592 -0.49520737 -0.053638939 -0.19010634204728932 0.13642482724577917 0.11610392981892552 0.965281162514301
15 -1.4878083 -0.49561319 -0.053745206 -0.1899496027309121 0.13721541940331602 0.11633153459080971 0.9651725499412466
16 -1.4881257 -0.49483475 -0.053096801 -0.18999538053833384 0.13845126624606577 0.11710184175885384 0.9648938599170579
17 -1.4863498 -0.49543986 -0.052625973 -0.1910183071583997 0.13908757973371913 0.11681232452047717 0.9646354401193636
18 -1.4861289 -0.4952507 -0.052387562 -0.19074608719773856 0.14078283808532355 0.11689479249540244 0.9644333726115304
19 -1.4864995 -0.4939324 -0.051614787 -0.19143100418823256 0.14184026314546935 0.11807974017695223 0.9639982807796145
20 -1.485049 -0.49554983 -0.051173456 -0.19299498187866532 0.14200214042294715 0.11882982332851823 0.9635703410611332
21 -1.4839016 -0.49493194 -0.050286848 -0.19248160691778737 0.14553828339866584 0.11944667003577025 0.9630690172989067
22 -1.4832054 -0.49496382 -0.049579114 -0.1936085288251605 0.14638138907261403 0.11972959730249642 0.9626801390021044
23 -1.4811528 -0.49581674 -0.049196817 -0.1944023932538347 0.14756895554648414 0.1197283997947613 0.9623389336084699
24 -1.4803991 -0.4936561 -0.04780836 -0.19435489719650398 0.15298756265675476 0.12025135853339687 0.9614367323849003
25 -1.4782602 -0.49372363 -0.047616728 -0.1957299079174379 0.1536399337594847 0.12028395096111462 0.9610496059216697
26 -1.4770194 -0.49523702 -0.046689477 -0.19640022665589882 0.1559610148716128 0.12083081529402703 0.9604702113470823
27 -1.4746001 -0.49543598 -0.04538136 -0.19590272709140968 0.1610903409539346 0.12372764519842432 0.9593557699743858
28 -1.4715476 -0.49722099 -0.045162968 -0.19558376033193428 0.16289357399555782 0.12461007573716047 0.9590020882511953
29 -1.4701532 -0.49699503 -0.045086157 -0.19415315661141755 0.1662180131570977 0.1251667054373324 0.9586497899284668
30 -1.4687018 -0.49742994 -0.044367392 -0.19351023808387982 0.16961722168063673 0.12664043232741087 0.9579905984747388
31 -1.4646941 -0.49667338 -0.043687768 -0.19292611807378787 0.17579405101750467 0.1290307257424913 0.9566749899554183
32 -1.462283 -0.49732521 -0.043068785 -0.19277835066264976 0.1799498524714914 0.1305641415525585 0.9557235808809577
33 -1.460574 -0.49768338 -0.042358831 -0.19253115756831607 0.1841545674062993 0.13195347404702285 0.9547811944920808
34 -1.4574851 -0.49805152 -0.041796431 -0.19180607290766355 0.18822521699690514 0.13415139793949343 0.953826556829431
35 -1.4528135 -0.49863681 -0.040636797 -0.19083219664531942 0.1967970542079799 0.1369976910862581 0.9518853002413777
36 -1.4500751 -0.49819463 -0.040556997 -0.18986523048236897 0.2001350514706207 0.1377383401595911 0.9512756199318942
37 -1.4467953 -0.49746999 -0.04035829 -0.1889739195545001 0.20370022526617013 0.13894570915732365 0.9505204710375728
38 -1.4418514 -0.49784356 -0.039289869 -0.18816424625898423 0.21116120871373747 0.14094656674294978 0.9487566735932438
39 -1.4408017 -0.49882627 -0.038734715 -0.18714988954271813 0.21446497209739274 0.14201438411298714 0.948056754257055
40 -1.4373723 -0.5003289 -0.038629901 -0.1860711917652893 0.21735033149132774 0.1431037850772644 0.9474479678020399
41 -1.4350179 -0.50208795 -0.038124077 -0.1836274961087035 0.2219410630421814 0.14520947748442486 0.9465396530823497
42 -1.429921 -0.50260645 -0.038404334 -0.17954796083415556 0.22932412481016964 0.14748077972164964 0.9452102385993503
43 -1.4275111 -0.50392669 -0.038228456 -0.1776491682221785 0.23432681212469825 0.14823013829004197 0.9442243082297551
44 -1.4241855 -0.50237793 -0.038762521 -0.17548675401559158 0.2383164181446519 0.14848935377787684 0.9435892092549614
45 -1.4209328 -0.50061148 -0.03914772 -0.17489489778896394 0.2413974342317505 0.1488248957107799 0.94286277044456
46 -1.4137598 -0.50234842 -0.038560294 -0.17356730802000098 0.25008723788597453 0.15013601424773848 0.9406327339929528
47 -1.4137071 -0.50174701 -0.037123162 -0.17316340489087648 0.2553083767259292 0.15162052687360425 0.9390651115927692
48 -1.4123025 -0.5026443 -0.036094643 -0.17320759227509533 0.25885020126769487 0.15292792170609623 0.9378745939861003
49 -1.409281 -0.50378907 -0.033741094 -0.17119822585112374 0.2686391487574538 0.15692308642485028 0.9348258234383543
50 -1.4045087 -0.50291157 -0.03472326 -0.17096432233765985 0.27061647195532973 0.1584666929419997 0.9340375971137891
51 -1.4029307 -0.50424343 -0.034079429 -0.17090634227504037 0.274105030318684 0.15993541156686647 0.932779780361419
52 -1.4014561 -0.50561494 -0.031765487 -0.16918052720105892 0.2841048574584625 0.16361289404899146 0.9294585521072966
53 -1.3989364 -0.50538141 -0.031923663 -0.16812218247088478 0.2874868039289126 0.16537695278698838 0.9282977608584735
54 -1.3900864 -0.50415331 -0.035509627 -0.16766947752725728 0.28801465012860344 0.1656279116536897 0.9281712678693906
55 -1.3796468 -0.50331932 -0.038023826 -0.16686992830152883 0.2947661290941863 0.16748963800520988 0.9258588322894348
56 -1.3779272 -0.50490469 -0.036947113 -0.16687032083860828 0.30033145999409777 0.16947531964985782 0.9237063527932522
57 -1.3824174 -0.50648439 -0.03233479 -0.1654483628363086 0.30937111156181557 0.17316626536705237 0.92028788925239
58 -1.3747417 -0.50677246 -0.034087084 -0.16399500213987034 0.3172547099876262 0.17627330904731262 0.9172692128166745
59 -1.363585 -0.5039354 -0.039597504 -0.162802615860279 0.31752817646742054 0.1758697035958237 0.9174644476901773
60 -1.3646811 -0.50423527 -0.034957416 -0.16244650554765322 0.3302579251743426 0.1792089611382898 0.9123732700724138
61 -1.3588185 -0.50223786 -0.034945868 -0.16291348620148166 0.33787136886979696 0.1811470715311709 0.9091137841807316
62 -1.3467577 -0.50162053 -0.040552087 -0.16329209387044874 0.33758114211829837 0.18092177466840784 0.9091985349836106
63 -1.3513666 -0.50346553 -0.033082455 -0.16178145123137855 0.3508533659878471 0.18558288578259985 0.903486397306052
64 -1.3329676 -0.5020048 -0.040899087 -0.15956763032860363 0.35156467219561977 0.18805392028082044 0.9030925620789463
65 -1.3428513 -0.50434345 -0.031955332 -0.15914706986575383 0.3609971666408829 0.19189130277647373 0.8986272774343916
66 -1.3292392 -0.50664461 -0.035649847 -0.15810825665527783 0.36372919715259683 0.1927214453791286 0.8975306651068451
67 -1.3182349 -0.50388885 -0.040775981 -0.15749711108788184 0.3624627083267395 0.19095038823237082 0.898528460487103
68 -1.3155613 -0.5061298 -0.037903562 -0.15653662992820233 0.36873473324608824 0.19306293470097158 0.8956883851168919
69 -1.3152317 -0.50757056 -0.034025215 -0.15500875618722748 0.3754090475759877 0.1967430824012188 0.8923746365908468
70 -1.2943113 -0.50704724 -0.044495393 -0.15505999952588914 0.3687309238147088 0.19535683595537023 0.8954493894214732
71 -1.2919487 -0.50661957 -0.041396894 -0.15244670790189077 0.3752076898016395 0.19935241544806923 0.89232158172859
72 -1.2849548 -0.51029021 -0.040047638 -0.1518035466745113 0.37942932007667174 0.20164968071621858 0.8901272271704991
73 -1.2714273 -0.50984561 -0.045924082 -0.15196068729508366 0.3760157919408189 0.2002976152540587 0.891852532121461
74 -1.2629316 -0.50875956 -0.046291038 -0.1520166041800587 0.3776875712265418 0.20234744654958048 0.8906730946140812
75 -1.2522358 -0.51227677 -0.046907969 -0.15281959916972324 0.3786007502329452 0.20327373610693095 0.8899367563157429
76 -1.2509736 -0.51332629 -0.042220756 -0.1515699757193299 0.3831151168579025 0.20590730833081114 0.8876100101234538
77 -1.2361416 -0.51514822 -0.047684826 -0.15226970965433775 0.3784004072018963 0.20512830892251982 0.8896906452412602
78 -1.2334008 -0.51801831 -0.043737203 -0.15096823070029752 0.38294431608675633 0.20701059084453768 0.887529638589193
79 -1.2218131 -0.51987183 -0.047877047 -0.15107123357438015 0.37983575192986735 0.20642597651131978 0.8889829020647897
80 -1.2086526 -0.52569842 -0.049530327 -0.14977438770862744 0.3805185193467772 0.20601899183546496 0.8890047605180418
81 -1.1991742 -0.52864027 -0.050820787 -0.14837799558997664 0.38336255975316474 0.20473122453388337 0.8883142709115164
82 -1.1934524 -0.5302977 -0.051072568 -0.14745830325117856 0.38481754452317957 0.20506168859502055 0.8877619107057889
83 -1.1801207 -0.53426468 -0.054742221 -0.1429639217550384 0.3857181365173189 0.2076957591905182 0.887493835388337
84 -1.1711845 -0.5377785 -0.053938337 -0.13956260389633646 0.3917170091593685 0.21310640151310434 0.8841186153243518
85 -1.159919 -0.54073727 -0.055220295 -0.1375422003509181 0.3937529448124419 0.21424294045073408 0.8832557523397067
86 -1.159297 -0.54420787 -0.060980383 -0.13498411380870023 0.3931672662077946 0.21455448813944786 0.8838354832327047
87 -1.1437793 -0.54616147 -0.063086368 -0.1308877647190791 0.3967521442482328 0.216119172404391 0.8824673548639141
88 -1.1366409 -0.5478217 -0.066570073 -0.12828615302471646 0.39877223130420797 0.2151895529865357 0.8821659859506243
89 -1.1336619 -0.55133688 -0.066861339 -0.12714071294151377 0.4019629010183899 0.21581815954547362 0.8807290090192375
90 -1.1242663 -0.54739684 -0.068491518 -0.12367896296101896 0.4068303392898685 0.21774547793010765 0.8785098155371779
91 -1.1131468 -0.55103427 -0.070050187 -0.12479836925321941 0.40882597136972226 0.2177241982735377 0.8774296927113222
92 -1.1035348 -0.55366057 -0.072279662 -0.12586008717760572 0.408819902664124 0.2198590531083434 0.8767482662701104
93 -1.096135 -0.5566352 -0.073459819 -0.12242886220549878 0.4124166008205334 0.22201917886400785 0.8750035458689615
94 -1.0849186 -0.56089908 -0.074509524 -0.11972419541089685 0.4156707072867615 0.22262305331374593 0.873683556140438
95 -1.0803632 -0.55905497 -0.075287022 -0.116806743148898 0.4174464561428181 0.22118188811807432 0.8735978556391226
96 -1.0721033 -0.56206679 -0.073847763 -0.11610833425164031 0.41808194005698396 0.22176373502449118 0.873239481438789
97 -1.0753351 -0.55601537 -0.071555495 -0.11504401943167135 0.41783815150369247 0.22305528899535942 0.8731680770574354
98 -1.0630913 -0.56110889 -0.069955558 -0.11715222133159547 0.41662383181183105 0.2236183548569836 0.8733239783577205
99 -1.0612059 -0.55406189 -0.06663125 -0.11436667761872923 0.4190330084316416 0.22603291980231072 0.8719178402010269
100 -1.0516446 -0.55899185 -0.062888473 -0.11752759764580575 0.41961037932878426 0.2264344378600203 0.8711152843924712
101 -1.0470915 -0.55668408 -0.060224123 -0.11673071548858013 0.4216876387396683 0.22543177604923095 0.8704791724923557
102 -1.0403099 -0.54988593 -0.055847682 -0.11578547349886682 0.42466853039817676 0.22606492417991073 0.868990801718653
103 -1.0259109 -0.55492014 -0.048345529 -0.12212630209632733 0.42595020809471196 0.22489433090488034 0.8677984365549378
104 -1.0097288 -0.55806309 -0.042949278 -0.12527557775555273 0.4246742335543367 0.22485281186702727 0.8679856208305183
105 -0.99394083 -0.56289905 -0.03632107 -0.12659513669260417 0.42382122234241293 0.22250671474395628 0.8688152880513875
106 -0.9798519 -0.56403714 -0.02680427 -0.12804531069250766 0.4236138327760991 0.22182885592940071 0.8688772512659401
107 -0.96230042 -0.56490189 -0.0189237 -0.12899389380051862 0.4212841994414977 0.22394808873322322 0.8693258607771042
108 -0.94672024 -0.57164687 -0.0086496919 -0.12991546741672788 0.41951187645659216 0.2274480024672525 0.8691370220002245
109 -0.93101758 -0.57514054 0.0006938061 -0.1319435023336974 0.4197621133790969 0.2275859834869805 0.8686744502307499
110 -0.91384453 -0.58181262 0.011129321 -0.13287718111735067 0.4193299480284668 0.22554321055663756 0.8692734377608431
111 -0.89586246 -0.58300096 0.020507863 -0.13176430394953398 0.4185080020372929 0.2215759913387856 0.8708577957954344
112 -0.87853074 -0.58847708 0.032322157 -0.13205841375949257 0.41328315098130813 0.22341642206209983 0.8728360182893792
113 -0.86280686 -0.59696412 0.042542387 -0.132371437988464 0.410579250898391 0.2223787214819308 0.8743284196276844
114 -0.84468186 -0.59894341 0.04902393 -0.1319660651157754 0.4093334159391283 0.220427985089279 0.8754670842715584
115 -0.83355516 -0.59525365 0.058953553 -0.1314528468459092 0.4042029419581531 0.2215633142856449 0.8776387802115633
116 -0.81960613 -0.60454434 0.068366334 -0.13759032729770068 0.393679343148568 0.22384932071650246 0.880895543312023
117 -0.80779183 -0.60599202 0.076546632 -0.13767900602616504 0.3828841879488067 0.22695682563211253 0.884836023914841
118 -0.7932573 -0.61509877 0.080930188 -0.13942084191232013 0.37749463362779345 0.22698097848380477 0.8868704898851988
119 -0.78215438 -0.61644912 0.084903829 -0.13757891761813126 0.37293243762938794 0.22796651000863719 0.8888333413555705
120 -0.76710492 -0.62852937 0.096639976 -0.13770990379625447 0.3700780775653176 0.22954705008035844 0.8895989830824844
121 -0.76864517 -0.62068641 0.089826331 -0.1361269891133915 0.3618516679826175 0.2276028691249588 0.8937168159877082
122 -0.75649154 -0.62838334 0.095038496 -0.13882174937091954 0.35412260474259616 0.22755669052588878 0.8964059656811871
123 -0.75368911 -0.61776263 0.09644305 -0.13817510086444476 0.34302662696449543 0.2281719578103467 0.9006541691256721
124 -0.73429775 -0.63371712 0.10362004 -0.14758527588766462 0.3322752890902162 0.22559293888198564 0.9038360163922236
125 -0.72753465 -0.63385105 0.1058549 -0.15112517194679667 0.32750982468889345 0.2219045539107073 0.9059011348320475
126 -0.71284378 -0.64668763 0.11348076 -0.15637329244172388 0.32033071704407545 0.21850703277378392 0.9083998578585094
127 -0.7054261 -0.64260292 0.11281033 -0.15522060400289414 0.3155293195994952 0.21030265865996656 0.9122064483035658
128 -0.69709629 -0.64789426 0.11460273 -0.1561108533468672 0.30499918502908996 0.20602285538087833 0.9166021392401469
129 -0.68316007 -0.65157557 0.11227894 -0.15893815278611814 0.2925642472904775 0.20382822462162986 0.9206513344604935
130 -0.67240751 -0.65581125 0.11102779 -0.15838648614581863 0.2841051479212479 0.2019341843248276 0.9238076483403309
131 -0.65688396 -0.65968257 0.10938257 -0.1613006135216173 0.27260528272026996 0.19901246828440544 0.9273955517350189
132 -0.64820558 -0.65789133 0.10735985 -0.1610833809667618 0.26561139049533866 0.19679923466416993 0.9299316076201769
133 -0.63832253 -0.6604048 0.1064157 -0.16188561995701636 0.25971063844610465 0.19461319140873654 0.9319169147830485
134 -0.62616873 -0.65991545 0.10367522 -0.16449885859415989 0.25187925724362015 0.1923161713751703 0.9340832165921925
135 -0.61504745 -0.65924525 0.10052519 -0.16518468212120893 0.2429422623726989 0.19274542640123427 0.9362383663080447
136 -0.59621727 -0.6662308 0.098896965 -0.16919194503362486 0.23337658425183405 0.19001731175701042 0.9385109892224622
137 -0.59336323 -0.66128635 0.095258236 -0.16765696570354388 0.23064679315662048 0.18838753441391912 0.9397889845785022
138 -0.57942265 -0.6737147 0.098290958 -0.1735255252713228 0.2222754489505882 0.18524077825956506 0.9413651634423894
139 -0.54248595 -0.66988945 0.086488403 -0.17392324027660197 0.20352785470918136 0.17987239873528965 0.9465585238232122
140 -0.54976642 -0.67385703 0.089143991 -0.17483076194299577 0.2041874637033463 0.1795886545864408 0.9463031224130344
141 -0.53167856 -0.67212379 0.085688531 -0.17535369990137403 0.1955048676800215 0.17421741969335372 0.9490401557993772
142 -0.5262531 -0.67732489 0.089317672 -0.17801095348165608 0.19167771769953418 0.17428441646903756 0.9493138022561857
143 -0.5225352 -0.67658925 0.089296505 -0.18007210650403868 0.18676052371947163 0.1742751101218936 0.9499066950133728
144 -0.5063743 -0.67998087 0.09061189 -0.1826204998327354 0.1782670395480069 0.1713085307056212 0.9515902495082179
145 -0.49522656 -0.68370694 0.091956414 -0.18531369782646645 0.17314967818495336 0.16839065614038295 0.9525348336239149
146 -0.4888005 -0.68192583 0.092667341 -0.18409749479984527 0.16947965057844283 0.16360731650859525 0.9542627554468874
147 -0.48518524 -0.68963838 0.099711418 -0.18469608669345922 0.16596443781461653 0.16420632305015476 0.954661952950545
148 -0.48563033 -0.68587857 0.098392196 -0.18412529800785363 0.16304539662030748 0.16350133241303436 0.9553959323618706
149 -0.4735842 -0.7018953 0.10803085 -0.1880434065154654 0.15725188138743793 0.15799478422510146 0.9565297544895476
150 -0.47984993 -0.69279474 0.10598204 -0.18294271748881333 0.1597038157932509 0.15753944363373562 0.9571875349368361
151 -0.46940073 -0.70333672 0.1149187 -0.18765175356211236 0.1510934276244137 0.15802472959289893 0.9575937449413824
152 -0.46772191 -0.70575237 0.11781941 -0.18573727963936218 0.1501062160442479 0.15827995239530374 0.9580799776254524
153 -0.46244463 -0.70881921 0.12350475 -0.1856727099872732 0.14777716370993682 0.15612387229863156 0.9588080575121952
154 -0.46460515 -0.70699751 0.12493659 -0.18499214586990342 0.14937722274406592 0.15486988427178927 0.9588950256609744
155 -0.45857462 -0.71915352 0.13773577 -0.18678689988052166 0.150448424397087 0.15252943219419357 0.9587547642353464
156 -0.46040675 -0.7184853 0.14054023 -0.18518928782950306 0.1507262176095712 0.15288714940749054 0.9589640527904918
157 -0.44973445 -0.73090488 0.15341052 -0.18668566149159213 0.14938508545590926 0.14933317976357807 0.959443672895119
158 -0.46013367 -0.72798669 0.15692987 -0.18244369495212864 0.1565526247123208 0.15133224194644623 0.9588034868602429
159 -0.44441506 -0.73768461 0.16915579 -0.18318102628925187 0.15147182974082016 0.14850173104809467 0.9599209510570669
160 -0.45111775 -0.73443115 0.17241226 -0.17957760361472852 0.1569964947660055 0.1488098140012786 0.9596664129623814
161 -0.44667256 -0.73727852 0.18336505 -0.17850346841711895 0.15734641584285342 0.1488987703443278 0.9597956935590061
162 -0.44836739 -0.73630595 0.18722048 -0.1781164006657168 0.15845827462736048 0.1477886399473226 0.9598562605507819
163 -0.44439563 -0.73913413 0.19981819 -0.17745871498541815 0.15986548001419507 0.14352141192574866 0.9603921267349054
164 -0.44290847 -0.74203032 0.20785074 -0.1792758451820271 0.15999649197788635 0.14198005816947765 0.9602619210253168
165 -0.43987662 -0.74523735 0.22060184 -0.1767270367888159 0.16118860230406956 0.14151670976967912 0.9606033571724958
166 -0.43613625 -0.74951875 0.22850469 -0.17761994058118696 0.16171037939803126 0.14279436553546618 0.9601617983830664
167 -0.43199959 -0.74608463 0.23854838 -0.17495647380355844 0.16076961249314706 0.14354138092768842 0.9606972654975138
168 -0.42137206 -0.75444341 0.24817634 -0.1784416828114724 0.15843162840668504 0.14155099162044732 0.9607399761262586
169 -0.41926461 -0.75607985 0.25995225 -0.17641283796944723 0.15942451072431346 0.14144327399583323 0.9609662513435206
170 -0.42916352 -0.75765538 0.26615539 -0.1762336522077219 0.1645887463483556 0.1417135554670453 0.9600882837540998
171 -0.42562678 -0.75781375 0.27580288 -0.1750066826341815 0.16594432586425056 0.14410738735416126 0.9597229822489384
172 -0.4268637 -0.75935346 0.28090656 -0.17506391992069037 0.16813060509864894 0.14483966843834636 0.9592216605236947
173 -0.4296633 -0.75488031 0.28863096 -0.17386219186060908 0.1712319471072938 0.14559809961647946 0.9587766955445567
174 -0.42440003 -0.76006055 0.29505673 -0.17772061387313215 0.16922794991923323 0.1468619248487708 0.9582321531864836
175 -0.41979563 -0.76839966 0.3017019 -0.17945812842387976 0.16954420358114453 0.14774651721546858 0.9577162992375837
176 -0.42208514 -0.7623316 0.30586672 -0.17748816754296776 0.17499911559018375 0.14531257905983797 0.9574745502058377
177 -0.41774428 -0.77058649 0.31324223 -0.18118973288247248 0.17591644850610388 0.14449265650077175 0.9567369314813385
178 -0.41493937 -0.77226627 0.31869057 -0.17927031477928854 0.17900944442841704 0.14551794628019604 0.9563693326088819
179 -0.41332179 -0.77753443 0.32369229 -0.17885493043562564 0.1815243363817826 0.1467852464544692 0.955779221673772
180 -0.41141731 -0.77472013 0.32716721 -0.1762162768005767 0.18111917921371407 0.14787706215102384 0.9561778292771044
181 -0.40936077 -0.77720422 0.32976374 -0.17593166356998047 0.18129341325242818 0.1499072469481613 0.9558810414362273
182 -0.41036832 -0.77509779 0.33227864 -0.17424965553692784 0.1811302886051545 0.15229476024951422 0.955842655511679
183 -0.40551895 -0.77897239 0.33786485 -0.17620439142934385 0.17889812186899545 0.1494001101127508 0.9563613760138259
184 -0.4057329 -0.77802032 0.33971891 -0.1749243431640209 0.17977229151869115 0.14769084190495746 0.9566978690203922
185 -0.39138582 -0.78402847 0.34576213 -0.1775293859202676 0.17414643225706056 0.14797061989022695 0.9572152489989969
186 -0.39589906 -0.7809931 0.34439734 -0.17504109874272525 0.1767628687960292 0.15075991420943818 0.9567585642331613
187 -0.39027578 -0.78348327 0.3483831 -0.17373949381998557 0.17656808040740804 0.15247958500575506 0.9567592578203207
188 -0.38732272 -0.78418654 0.34932202 -0.1725466165369449 0.176532171259897 0.15307700152297887 0.9568863512646906
189 -0.37592101 -0.78811842 0.35415152 -0.17166086272403147 0.17484251841162834 0.1521554617305443 0.9575026670614998
190 -0.37515542 -0.7860204 0.35194585 -0.1694676616643779 0.17544971971847212 0.15238386206919075 0.9577459298172952
191 -0.37308049 -0.7868464 0.35250118 -0.16827002306602218 0.17552719034704023 0.1519635866974142 0.9580096414464166
192 -0.36338544 -0.78847891 0.35520113 -0.16640872952496735 0.174159071420483 0.1497522011701497 0.9589322347405662
193 -0.36203933 -0.7868551 0.35500777 -0.16442840328267783 0.1744148543507378 0.1503904794229904 0.959127448504443
194 -0.34728077 -0.79151487 0.35891774 -0.16323484818447032 0.16727060815048977 0.14944801885203451 0.960749820529965
195 -0.34617344 -0.78838784 0.35649323 -0.16161289604108972 0.16622938129617093 0.1479464256250773 0.9614369036873234
196 -0.33561146 -0.79134232 0.35797134 -0.16129534676598437 0.161184277386753 0.14591587374138396 0.9626588168324433
197 -0.32973373 -0.79092711 0.35770208 -0.160423853647954 0.15874174700425278 0.14490103148687333 0.9633633457905786
198 -0.31829026 -0.79442573 0.35929716 -0.15911295578526213 0.15558830413771793 0.1421300969780389 0.9645073262810602
199 -0.31470785 -0.79179603 0.35821953 -0.15711425385679756 0.15405772050907957 0.1417636362353062 0.9651343955262977
200 -0.30007526 -0.79804403 0.36066836 -0.15673984750588008 0.1504614859485699 0.142017425278401 0.9657251225722957
201 -0.29754317 -0.7895568 0.35825849 -0.15298499936227358 0.14985545334776254 0.14073262241856574 0.9666091568256816
202 -0.28526282 -0.7962603 0.36119419 -0.1562347383743855 0.146503772921842 0.13668448350151002 0.9671839034096247
203 -0.28192723 -0.79626596 0.3610931 -0.15446998613879032 0.14689980557720306 0.1359244838862895 0.9675143436579676
204 -0.2782352 -0.79485559 0.36086828 -0.1531967858459625 0.14599729885419438 0.13591435202282445 0.9678547527640504
205 -0.26927763 -0.79701716 0.36147034 -0.15352184228167434 0.14075380262415244 0.13444963030270404 0.9687841389601443
206 -0.26428398 -0.80297357 0.36331502 -0.1532184973094366 0.14023993126016468 0.13423117751216374 0.9689369663430539
207 -0.25610059 -0.80047023 0.36152264 -0.1497898196834206 0.13672317145802274 0.13111104847735372 0.9704018122782115
208 -0.25223613 -0.80201924 0.36186945 -0.1490206326275781 0.1356494801059208 0.12935048358977216 0.9709070614602419
209 -0.24498461 -0.80568081 0.3611913 -0.14848834661976995 0.1317332898810454 0.13171731134953205 0.9712096072146804
210 -0.24164188 -0.80537397 0.36018607 -0.14717071026705145 0.1289383208977087 0.13131599467727478 0.9718393905298802
211 -0.23272194 -0.81135762 0.36455896 -0.14771779594106282 0.12576714836916086 0.12931160227415547 0.9724405311743719
212 -0.23218125 -0.8048982 0.35897034 -0.1429158652777888 0.12609518136350326 0.12789623615101178 0.9733024265187109
213 -0.22871658 -0.80762798 0.36092019 -0.1445156639431771 0.12329058378210539 0.1277207428047512 0.9734485434182605
214 -0.22149445 -0.80849606 0.36214808 -0.14235581557032093 0.12248019397279981 0.12932915555858301 0.973656712286316
215 -0.21915844 -0.80936927 0.36240491 -0.1432731139548768 0.12156277195525261 0.13010581973403793 0.9735336578483367
216 -0.21382651 -0.81449187 0.36498213 -0.14453285372835498 0.12128349893535438 0.12905483331125372 0.9735221708200283
217 -0.20926821 -0.81860262 0.36617422 -0.14485851467478722 0.12189924481800872 0.12817474794896613 0.9735131323342447
218 -0.20584311 -0.82029921 0.3668516 -0.14274500797258266 0.12202664390351022 0.12797814313432965 0.9738351789478763
219 -0.20352165 -0.82233286 0.36686587 -0.14247381266501422 0.1219473619172508 0.127735923502483 0.973916622444183
220 -0.20246315 -0.82523209 0.36636743 -0.13995779117122206 0.12174413664208462 0.12916363911108805 0.9741185432047409
221 -0.19907859 -0.82775617 0.36781028 -0.1398513393100776 0.11965553047507804 0.12787999943978945 0.9745618824185485
222 -0.1964206 -0.83063263 0.37031364 -0.1368873414743776 0.11974841987903757 0.12477316740484708 0.9753736865306101
223 -0.19592847 -0.82936895 0.36824229 -0.1354998979146521 0.1185018395559247 0.12453300951107807 0.9757502863074622
224 -0.1929111 -0.83157289 0.37084508 -0.13546963184427155 0.11609231906076703 0.12370310897208271 0.976149626406583
225 -0.19141717 -0.83372426 0.37270433 -0.13311915181970535 0.116930739329669 0.12376666317197246 0.9763648430304599
226 -0.18928342 -0.83963865 0.37521529 -0.133645298877448 0.11344953010470246 0.12547650688975448 0.976485424584374
227 -0.18774661 -0.83847445 0.37638679 -0.13209268501798585 0.11314690352434915 0.12516024017748187 0.9767723455679455
228 -0.18526867 -0.84582531 0.37966639 -0.13251895206157996 0.11228600883724736 0.1266964327926023 0.9766158884031797
229 -0.18344095 -0.84144652 0.37979028 -0.1292495065177239 0.1117061838091252 0.12678904000317376 0.9771084038625399
230 -0.18149945 -0.85169983 0.38539836 -0.13059643405703278 0.11229724802894521 0.12679986103949756 0.9768601203535114
231 -0.18004477 -0.84942049 0.38564467 -0.1266069992780728 0.1121869938975961 0.12710365371868299 0.9773583822454196
232 -0.17892814 -0.85191405 0.3880043 -0.12559305310626528 0.11264937845812595 0.12642155738281152 0.9775244714959054
233 -0.17827687 -0.85698587 0.39125511 -0.12419517578530175 0.1129655943279049 0.12729249889468064 0.9775535548167931
234 -0.17684774 -0.85350984 0.39284194 -0.12007023791990076 0.11355613974113536 0.1265484886206961 0.9780969385090457
235 -0.17577408 -0.85711187 0.3953602 -0.11914007408959713 0.11339207159238499 0.12634856060769237 0.9782555504970453
236 -0.17476059 -0.85704905 0.39976972 -0.11637331976940687 0.11414565193479992 0.12262919488237536 0.9789740043293935
237 -0.17421563 -0.86155176 0.40374348 -0.11634417036293607 0.11500486886674227 0.12174558566527496 0.9789871942627865
238 -0.17278202 -0.8626945 0.40941831 -0.1144059775422183 0.11416854124818379 0.11932231151799222 0.9796116590087495
239 -0.17298767 -0.87011766 0.41541758 -0.11451893282335146 0.11492953014157366 0.11956980208823563 0.9794792900082258
240 -0.17297588 -0.87117374 0.42143658 -0.11295287995451889 0.11522090806874918 0.12203420091285731 0.9793229513604557
241 -0.16979097 -0.87298316 0.42656168 -0.11225167891561934 0.11376848320090174 0.12159767523661558 0.9796276324133786
242 -0.16751102 -0.88138866 0.43747553 -0.11052980884640144 0.11709577094974712 0.12109381289950379 0.9794937622361473
243 -0.16640756 -0.88381296 0.44466957 -0.10869715703291472 0.11898290962898914 0.11989610096984427 0.9796187627038442
244 -0.16451629 -0.89032596 0.45087028 -0.10855436349370531 0.1207819061097352 0.11917139292349858 0.9795028639221269
245 -0.16390195 -0.88923049 0.45511517 -0.10430414851950058 0.12205340661263317 0.11956044827220029 0.9797596183476963
246 -0.16313304 -0.89934027 0.463626 -0.10622071570569086 0.12192155727185906 0.11928145792214083 0.9796041176022813
247 -0.16537423 -0.90201998 0.47083116 -0.10298626872283509 0.12411629367847075 0.11967792451650074 0.9796255246171827
248 -0.16592209 -0.89858013 0.47448042 -0.1024936186192831 0.12279201409169568 0.11781833572373107 0.9800693950863479
249 -0.16546763 -0.90630907 0.48611569 -0.10402521042218495 0.12305328311066537 0.11671805014292806 0.9800069090996958
250 -0.16635783 -0.91010988 0.49244145 -0.10613617622101307 0.12284924979020505 0.11465079201758364 0.9800501873949653
251 -0.16626826 -0.91403502 0.50381655 -0.10554666854791847 0.12627654771091845 0.10977018489925516 0.9802370329485779
252 -0.16674425 -0.9209128 0.51243764 -0.10780686852096236 0.1275426566469468 0.10915281847551458 0.9798960210420259
253 -0.1680913 -0.92013747 0.52080035 -0.10502696665884988 0.13018618382198208 0.10562859917014655 0.980236447421571
254 -0.16578349 -0.93320668 0.53058255 -0.10967649298110978 0.1319698257804876 0.10301229708535392 0.979767063449283
255 -0.16605438 -0.93535483 0.54018456 -0.10639934428283328 0.13492519864769248 0.10260848827524696 0.9797682728277807
256 -0.16366011 -0.94551414 0.54918337 -0.10971509599217862 0.13420159534429893 0.1018878644959445 0.9795771498901595
257 -0.16418189 -0.95002741 0.55893129 -0.10657116270342044 0.1368017983593788 0.10353832480684116 0.9793914797168055
258 -0.16359539 -0.95169812 0.56425202 -0.10701961550764122 0.13598253061458007 0.10461966007553791 0.9793417585245359
259 -0.1623105 -0.95175445 0.57080209 -0.10716550085157724 0.13500993017728966 0.10444687875460064 0.9794788020672911
260 -0.16026391 -0.96500498 0.58500952 -0.11117801325266756 0.13452501642497605 0.10133803338407679 0.9794248681317507
261 -0.16056252 -0.95898569 0.58800387 -0.10917513404484125 0.134722132973992 0.10057362967050398 0.9797018332166829
262 -0.16248006 -0.96452206 0.60032827 -0.11044077124948917 0.1363075288281937 0.10146797604557102 0.979248356377372
263 -0.16006035 -0.96891534 0.60664499 -0.11241063110926751 0.13489237074148827 0.10222886112757787 0.9791410308438288
264 -0.15987526 -0.97245598 0.61661273 -0.11132296063746343 0.13374432284038595 0.1036974441729881 0.979268346580684
265 -0.16056332 -0.97229981 0.62201327 -0.11129225613253158 0.13400486106449874 0.10307908596905115 0.9793015025883502
266 -0.16088519 -0.98005503 0.63256919 -0.11160482471093139 0.13518218730620554 0.1021441330107041 0.9792020809964835
267 -0.16171001 -0.98289484 0.63797313 -0.11016594512911479 0.1356037010611916 0.10177835764961897 0.9793448150199511
268 -0.16168015 -0.98107094 0.64249724 -0.1079127535359416 0.13585444967322063 0.09993068478767117 0.9797511236871048
269 -0.15842286 -0.9937638 0.65407115 -0.10717691337936604 0.1366568662807186 0.09777035170048369 0.9799382472713113
270 -0.16121772 -0.9884057 0.65452522 -0.10282447379076833 0.13783898612016537 0.09808792572783405 0.9802072741626779
271 -0.16048665 -0.99507695 0.66307855 -0.1028333804228627 0.13742333187322317 0.09916717137637558 0.9801561078975518
272 -0.15894289 -0.99020374 0.66624719 -0.10010102681227334 0.1384949649698936 0.09821322610287833 0.9803841549757837
273 -0.15911207 -1.0006752 0.67399555 -0.10040752045736556 0.1427661176976934 0.10009851004648825 0.9795491073752276
274 -0.15939878 -0.99299449 0.67593747 -0.09753187840625213 0.14207775913778647 0.10129086236911009 0.9798171279649358
275 -0.15589529 -0.99798346 0.68436944 -0.09908459735660284 0.1431515787258675 0.10373773789079918 0.979248870212405
276 -0.1574609 -0.99140924 0.68545854 -0.09800510439639351 0.14431662582172294 0.104488406683049 0.9791066764620302
277 -0.15854919 -0.99777013 0.69835514 -0.1041825431493959 0.1458775541032302 0.10192589631434444 0.9785074596406003
278 -0.15564983 -0.99930131 0.70217693 -0.10517535263457477 0.14596849748417598 0.10242101021613617 0.9783359748096311
279 -0.15566435 -1.0026298 0.70716107 -0.10612156453894922 0.14664665667783136 0.10349978857014762 0.9780187960315254
280 -0.15482903 -0.99774539 0.71419126 -0.10475583478622587 0.14841103457629887 0.10475370222591344 0.9777663533606575
281 -0.15102312 -1.0062929 0.71918374 -0.1083380938694049 0.1492968320286547 0.10480725634317363 0.9772352594850269
282 -0.1465172 -1.0113975 0.72751981 -0.10854509144658883 0.14897842654475255 0.10431488363723831 0.977313561043154
283 -0.14209537 -1.0169964 0.73124105 -0.10876408636630108 0.149616187118687 0.10585815620590887 0.977025803565932
284 -0.13863751 -1.0115278 0.73568994 -0.10462308798086083 0.14945121066559391 0.10538563875882631 0.9775541991293022
285 -0.13424669 -1.0197644 0.73961198 -0.10706258336452759 0.14834027177417355 0.10483045486532776 0.9775189730874825
286 -0.12979887 -1.0176349 0.74376214 -0.10233997175999576 0.14697164461771278 0.10577774448752796 0.9781293036350865
287 -0.12475134 -1.0199492 0.74730468 -0.10291902181801699 0.14565371845029773 0.10236658743433122 0.9786285051165603
288 -0.11803689 -1.0217403 0.75253868 -0.10145599011187692 0.1448037620164646 0.10062265097135487 0.9790881649207055
289 -0.11489774 -1.0231167 0.75606883 -0.10252574825560937 0.14401860790594204 0.10065135196241776 0.9790895857221643
290 -0.10320178 -1.0318338 0.7622453 -0.10169065662057869 0.1435029461971459 0.09964885986349244 0.9793548996746383
291 -0.10097883 -1.0289418 0.76450711 -0.09991592513098474 0.14350734817040908 0.09840926367794282 0.9796622202313824
292 -0.090282738 -1.0396731 0.77277768 -0.10156416609235804 0.14085707379951395 0.09833291574104236 0.9798850149933244
293 -0.085886054 -1.0380328 0.77515292 -0.09884605207058514 0.1409655713834296 0.09680181312593718 0.9802997371468247
294 -0.084051907 -1.0377263 0.77868026 -0.09821560925120926 0.1412910693294706 0.09578887477599694 0.9804157379888885
295 -0.076910466 -1.0446231 0.78650552 -0.09800998579028058 0.13845385054729187 0.09302723375672678 0.9811067769277657
296 -0.073373474 -1.0452507 0.78925419 -0.09768373561548871 0.13649407664490845 0.09229889788343563 0.9814826377917036
297 -0.069658786 -1.0508567 0.79469794 -0.09844122294093104 0.1343352173559217 0.09251125109789864 0.9816847984073772
298 -0.063511081 -1.0538431 0.79921222 -0.0966911276375463 0.1295757429902741 0.08920595822815451 0.9828037696718989
299 -0.061304748 -1.0554073 0.80149978 -0.09634134042164495 0.12742536208166735 0.08746840358180988 0.9832753437359072
300 -0.057329871 -1.0654799 0.80714959 -0.09752371648926512 0.12471988193208494 0.08773584928623633 0.9834818231787464
301 -0.055168279 -1.0615687 0.80997038 -0.09194919778547614 0.12087722037286615 0.08480929018361143 0.9847545008376906
302 -0.050092675 -1.0734113 0.81466991 -0.09414233981380138 0.11792192080058293 0.08386496455790537 0.9849864507539102
303 -0.045201525 -1.0690199 0.81619996 -0.08947081509783615 0.11292054244116863 0.08342407066051834 0.9860448005922196
304 -0.041529737 -1.0819145 0.82269424 -0.09194134882206709 0.11086328005937544 0.08400432193222074 0.9860017218078087
305 -0.037968632 -1.0693196 0.82605523 -0.08359771532756484 0.10409754894652622 0.0833028682760157 0.9875402545883007
306 -0.031268224 -1.0805018 0.83239782 -0.08743986701681501 0.10147371889612522 0.08190684156190504 0.9875973994167991
307 -0.03076631 -1.07758 0.83566916 -0.0848891308561903 0.10286612671912448 0.08070205954146908 0.9877750619559348
308 -0.035129137 -1.0766535 0.84296072 -0.08788982964259641 0.10337825633328868 0.07897085213612932 0.9875990676766446
309 -0.034088716 -1.0803987 0.84893817 -0.08864815219738885 0.10126658169632369 0.08065643419182263 0.9876138537743335
310 -0.036064211 -1.0799648 0.86207896 -0.08979374497234383 0.10002634187283788 0.08209398264814746 0.9875182997334002
311 -0.035433721 -1.0843003 0.86957842 -0.09037192093657324 0.098527329903861 0.08070687692130196 0.9877305711507867
312 -0.035025541 -1.0873744 0.88290668 -0.09144611225379293 0.09645550983364766 0.0760868071379394 0.988202783317246
313 -0.037137672 -1.0852139 0.88895988 -0.08912371356268689 0.09710184403027869 0.0774940000293317 0.9882423161989015
314 -0.037718229 -1.0885646 0.89453214 -0.08876929237650492 0.09745095601902287 0.0795714435770817 0.9880747488267334
315 -0.041019697 -1.0876642 0.90959305 -0.08477254317766957 0.10043406059471804 0.07960161721589464 0.9881245862401465
316 -0.041848894 -1.0956721 0.91654712 -0.08581087467438717 0.1020191633778082 0.08016397146887506 0.9878270707819491
317 -0.044163715 -1.0957457 0.92092502 -0.08214377331585661 0.10462963949738989 0.08014493786836555 0.9878673129414471
318 -0.051785942 -1.1009487 0.93419176 -0.0798633666143688 0.11113648744501604 0.07610605875917 0.9876630962284398
319 -0.059008416 -1.1009398 0.94157213 -0.07647635268524083 0.11340606430586102 0.07786382665082726 0.9875361545573446
320 -0.060132608 -1.1064341 0.95172375 -0.07757971513126227 0.11504790560931001 0.0790608125867845 0.9871650090679779
321 -0.060320228 -1.1230315 0.94955897 -0.07838053198613323 0.11751109773643773 0.084084489895011 0.9863961844377968
322 -0.07620763 -1.1010423 0.96493226 -0.06999055153880468 0.11819191719203875 0.08628709962314672 0.9867555572908567
323 -0.077744581 -1.1131742 0.97481328 -0.07262529157918389 0.11837531307308988 0.08750237650850105 0.9864361035481473
324 -0.078078382 -1.1178436 0.97581828 -0.07110095316680454 0.11957028079859613 0.089108622914853 0.9862592233945066
325 -0.086628415 -1.1188929 0.9831394 -0.06797907713790104 0.12210212696231813 0.09153350652887215 0.9859470233462273
326 -0.087137118 -1.1149311 0.98373145 -0.0650968788630666 0.12136295378002976 0.0939175606313201 0.9860085809044138
327 -0.091738164 -1.1172937 1.0000021 -0.06623263486617403 0.12447675269979128 0.09330862061598019 0.9856024946370326
328 -0.09311793 -1.1190133 1.0063632 -0.06540469705817128 0.12871421177743558 0.09003768216220824 0.9854177251704473
329 -0.1001229 -1.1190269 1.0174577 -0.06642839528957009 0.13821887849406195 0.08844868294198646 0.9842050804649021
330 -0.10059082 -1.1216335 1.0228934 -0.0674661884246817 0.13927025617616196 0.08839028200482467 0.9839914975299223
331 -0.098156728 -1.1272451 1.0352526 -0.07169282705378142 0.14319352425791565 0.08819889466599928 0.9831463309901177
332 -0.10164537 -1.1257608 1.0418174 -0.07130035629163473 0.1446732530816236 0.0897535424601974 0.9828174859307865
333 -0.098498762 -1.128636 1.0462391 -0.07352163136179343 0.14308117004747858 0.0895921443688132 0.982901620797902
334 -0.096143343 -1.1392725 1.0463246 -0.07349203908779262 0.14344415327044366 0.09187846272600658 0.9826398339016945
335 -0.10168422 -1.1345387 1.0537018 -0.07252911480750455 0.14262622723068188 0.09200844362219672 0.9828182604700642
336 -0.10082661 -1.1417921 1.0676769 -0.0724989092326681 0.13713873256842743 0.08811504144138547 0.9839576289969918
337 -0.10225376 -1.137555 1.0771965 -0.07094405094311279 0.135916017854184 0.0856241163717159 0.984460404699958
338 -0.10294164 -1.1415174 1.0886925 -0.07033605764790482 0.13322208232705895 0.08191159552039401 0.9851879040539913
339 -0.09976507 -1.1470523 1.0935783 -0.07247076369475326 0.13017494050377845 0.08058075503337202 0.9855502093716934
340 -0.096729003 -1.1495724 1.0963652 -0.0715362423037055 0.1284113801612452 0.08092918758978074 0.9858212566577208
341 -0.091648325 -1.1479446 1.1105517 -0.0688787158699695 0.12559271774061592 0.07679801773791169 0.9867037327496828
342 -0.086406574 -1.1464629 1.1171103 -0.06813407678945561 0.1254918274314892 0.07590077097035691 0.9868376876640147
343 -0.077094689 -1.1628577 1.1201279 -0.06987082584023092 0.12468998057071079 0.07785822876499918 0.9866653802861722
344 -0.070737436 -1.1597414 1.1246427 -0.06750176993602085 0.12197362733466782 0.07874942145419069 0.9870990193040201
345 -0.059114445 -1.1567308 1.1435122 -0.06130186169539026 0.11890565431339223 0.08617411421280083 0.9872575900769882
346 -0.049832877 -1.1568567 1.1515344 -0.06420781534136884 0.11702567955317977 0.08782522167976267 0.9871520030932956
347 -0.040093191 -1.1700358 1.157192 -0.06799912556910641 0.1178916544557571 0.08710124531599998 0.9868591843803873
348 -0.026507767 -1.1694957 1.1691146 -0.0657395698519963 0.11857928904537969 0.07865365758562705 0.9876390349280296
349 -0.018186536 -1.1828364 1.1750855 -0.06874166973509534 0.11923388489965678 0.07667110314138585 0.9875117242224769
350 -0.010473041 -1.1851043 1.1767364 -0.0656563491867021 0.12084392859787148 0.07497247252592189 0.9876563760214664
351 -0.0042111613 -1.1811876 1.1869603 -0.06486078710524013 0.12566811961676144 0.06767377407307923 0.9876339718290283
352 -0.0010892266 -1.2037761 1.2051338 -0.07134940321702776 0.1260104374095247 0.06781581702481133 0.9871330443692439
353 0.00039471447 -1.2035685 1.2054429 -0.0670629633986696 0.1226965298874737 0.06730187352797905 0.9878859136121868
354 0.010940897 -1.2225695 1.2234687 -0.07212606381988107 0.11604512966193624 0.05802927898904487 0.9889206042850995
355 0.01243498 -1.2243398 1.2218339 -0.07186670666041847 0.1139099500481721 0.057764974354363716 0.989203167954717
356 0.010764102 -1.236547 1.2297555 -0.07392732669315856 0.11069012950061662 0.06132101742558914 0.9892027994405548
357 0.018124757 -1.2429533 1.2353331 -0.07134645486243447 0.09937203295290922 0.06743143023063819 0.9901958819659973
358 0.022094231 -1.2510228 1.2379808 -0.07218336701604842 0.09571403967667654 0.06846562912698705 0.9904245765141554
359 0.024262369 -1.2559215 1.2399304 -0.07179332247635913 0.09304065839218621 0.07098325336145593 0.9905304298586577
360 0.031452179 -1.2587337 1.2402477 -0.06726109693501298 0.08739279423769457 0.078885721081351 0.9907651020115223
361 0.037592258 -1.2669431 1.2439281 -0.06937220228761155 0.08621060581593518 0.08163325339184792 0.9905005002196003
362 0.041477941 -1.2731174 1.2402306 -0.06875941542762853 0.08587611213976099 0.08416041003390315 0.9903607734238747
363 0.050659575 -1.2805367 1.2471815 -0.06859139889768835 0.08566269189352024 0.08134114523332368 0.9906264388289591
364 0.045805212 -1.270534 1.2467836 -0.06312591388612447 0.09079138868937907 0.08051805658720373 0.9906002651419571
365 0.04714518 -1.2744697 1.2518032 -0.06584186444765207 0.09174007843095576 0.07904323792473482 0.990454831597036
366 0.053419605 -1.2813765 1.254968 -0.06619633706031113 0.09521756943039393 0.07675105140564677 0.990283260254203
367 0.050227236 -1.2827135 1.2570148 -0.06705386925270097 0.09924784287907372 0.07738612152355132 0.9897802950643312
368 0.052718643 -1.2903421 1.2589767 -0.06934389375429344 0.09990970353017944 0.07918688258394321 0.9894134187315945
369 0.05404551 -1.2865223 1.2674658 -0.06614564896526783 0.10303307689802083 0.07956289887527883 0.989281902851989
370 0.056941986 -1.2936931 1.2727997 -0.06732082623500935 0.10606420707703976 0.07798867857269995 0.9890076118749738
371 0.051364809 -1.2894161 1.2829697 -0.06604357842425658 0.11008753263675651 0.07361829735998897 0.9889890430134635
372 0.052248076 -1.2977465 1.2913979 -0.06750647701851875 0.11054401696950515 0.07573458195053431 0.9886795077119641
373 0.048589893 -1.2921988 1.2992842 -0.06564126117179206 0.11129308833502255 0.07769348919941431 0.988569064383794
374 0.043315053 -1.3004378 1.3182647 -0.07022692064454562 0.11289823447369778 0.07936291300037619 0.9879391156896266
375 0.04522511 -1.3068501 1.3257366 -0.07199013345283893 0.11215742442425822 0.08030076489424576 0.9878207934586912
376 0.041018777 -1.3057934 1.3372504 -0.07095662423205251 0.11295873374817346 0.07949599319126523 0.9878693582727095
377 0.038795751 -1.31647 1.3576202 -0.07582373205665266 0.11200483481010157 0.0773403214584223 0.9877875041287325
378 0.034521092 -1.3179061 1.366727 -0.0742660086702415 0.11224395122949088 0.07906708472326975 0.9877419964150287
379 0.029517731 -1.3285329 1.383662 -0.07850281555287286 0.10892561652962796 0.07678674743276168 0.98796574507045
380 0.023955215 -1.3304344 1.3909435 -0.07668823377500061 0.10956355695218029 0.07731116304691586 0.9879968248212089
381 0.016692523 -1.3326222 1.4017987 -0.0756518467754634 0.10837389364263496 0.07789510629197316 0.9881620563814211
382 0.012271549 -1.3357642 1.4097199 -0.07541616103363878 0.104840147659638 0.07712050181746956 0.9886219572177604
383 0.006967593 -1.3510568 1.4240733 -0.07524390950092673 0.1033670678411088 0.07935201749637272 0.9886136053525681
384 0.00013762346 -1.3509853 1.4330783 -0.07214806315597486 0.10350507834530263 0.07947772503254354 0.9888198253287732
385 -0.0066068079 -1.3649503 1.447371 -0.07238258676799947 0.10413231627279333 0.08094208754664178 0.9886180254800273
386 -0.01353718 -1.3652411 1.4549415 -0.06996550614403613 0.10480219416448691 0.08122475948340271 0.9886980663959961
387 -0.017712619 -1.3682525 1.4607456 -0.07113157297850681 0.10487171043318137 0.08068783873499724 0.988651453423651
388 -0.021947905 -1.3851604 1.4750401 -0.07506845682312646 0.10988384230408516 0.07925807216543204 0.987931387287247
389 -0.02700817 -1.3896598 1.4816002 -0.07446845304613102 0.11273743509761584 0.07767095915974559 0.9877813231336844
390 -0.033743277 -1.387329 1.4870703 -0.07469353686500063 0.1147439463325157 0.07657977367870315 0.9876184691438067
391 -0.037333515 -1.403827 1.504879 -0.08228667080940134 0.11304610864498028 0.07797396064050564 0.9871015867626621
392 -0.035749212 -1.4108781 1.5076232 -0.08635425817575591 0.11214594250995122 0.07609920277029619 0.9870031109430177
393 -0.037412673 -1.4245154 1.519627 -0.09094350771850493 0.11542699618859924 0.07388543208119773 0.986380671891388
394 -0.032193787 -1.4389613 1.5247898 -0.09592654172749185 0.11473709181949246 0.07458103351930229 0.9859366956312164
395 -0.034982681 -1.4423766 1.5255147 -0.09559818578480238 0.11652538179965989 0.07804724477070671 0.9854904615747426
396 -0.036432043 -1.4457355 1.5287584 -0.0961745253059923 0.11738395856216025 0.08073160401267258 0.9851161733866646
397 -0.035240971 -1.4514738 1.533723 -0.09397689829372884 0.11944547350929706 0.08682099304825099 0.9845624594769726
398 -0.030663032 -1.4535956 1.5333534 -0.09623933245976955 0.11777819545612835 0.08855677720481712 0.9843901588160521
399 -0.025782637 -1.4694575 1.5372862 -0.10006067529193048 0.11876580164495616 0.08730713062003255 0.9840020378854153
400 -0.02941086 -1.4654024 1.5386201 -0.09426419080181474 0.12592322043602 0.08418322606370804 0.9839567009462394
401 -0.026643589 -1.4696414 1.541718 -0.09502315834533157 0.1248994970401736 0.08640741576847961 0.9838213626047175
402 -0.026840979 -1.4730506 1.5418766 -0.09387687259441735 0.12576605627121826 0.08998914796276554 0.9834998653435657
403 -0.030070661 -1.4671947 1.5455551 -0.09087130453649449 0.12797371985581588 0.0898489597639252 0.9835101918472637
404 -0.031614013 -1.4719627 1.5494894 -0.09498561104901983 0.12623503468478572 0.08532811497380513 0.9837487293546012
405 -0.024236852 -1.4839202 1.5505641 -0.09726903846712619 0.12323334537464621 0.08264754437328843 0.9841349806568809
406 -0.027734749 -1.4841422 1.5517998 -0.09088935059794713 0.12708098631701736 0.0830994436339088 0.9842174715642434
407 -0.027249238 -1.4815183 1.5523801 -0.08725530128165951 0.1263925719204991 0.08366225325107908 0.984587252376609
408 -0.025954179 -1.482487 1.5509199 -0.08671427047383377 0.126254314356171 0.0848340960318516 0.9845525174174827
409 -0.024324203 -1.4834627 1.5550992 -0.08413023662234904 0.1260719428054229 0.08540182737723896 0.9847509819257669
410 -0.023929611 -1.4811544 1.5569284 -0.08265334713957588 0.12723220701117982 0.08715051206151944 0.9845736021004747
411 -0.019942485 -1.488963 1.5599012 -0.0843885272106361 0.1272488160456019 0.08926477392102652 0.9842347867389367
412 -0.018857256 -1.4857284 1.5651795 -0.08038556910991279 0.12607701648181668 0.09007565071905436 0.9846466997565463
413 -0.014870453 -1.4881074 1.5687853 -0.08092795119489088 0.12547461817478633 0.08840497727721074 0.9848306183816101
414 -0.013177623 -1.4938574 1.5716182 -0.08130445754684115 0.12612752090567259 0.08804936495994461 0.9847480606649365
415 -0.013755132 -1.4918344 1.5774233 -0.07734332720346951 0.1250608145882004 0.08738607423067717 0.9852621358918567
416 -0.01059635 -1.4980121 1.5818595 -0.07859143886251022 0.12258557424110275 0.0864561458143731 0.9855564405839085
417 -0.0058428785 -1.5023553 1.5887135 -0.07371125769904688 0.11992625405742277 0.08671539831671206 0.9862376913153102
418 -0.0033275064 -1.5025719 1.5910753 -0.07203165128362851 0.11874655480221118 0.08746819149752988 0.9864380428653949
419 0.00059034501 -1.50895 1.5942611 -0.07136088957510885 0.11795560061421471 0.08744465967671872 0.9865837679674301
420 0.0096752644 -1.5117437 1.6035866 -0.07045119554525842 0.11757216652855783 0.08498144023470888 0.9869101121782365
421 0.01047057 -1.514382 1.6078616 -0.06778189366289118 0.11918871543096823 0.085095617070285 0.9868933077900649
422 0.018399158 -1.5221193 1.6178666 -0.06860827942201189 0.12057881412024088 0.08884784315666504 0.9863365117172314
423 0.022152493 -1.519645 1.6221339 -0.06747134431851046 0.11977567123963245 0.08966262944453196 0.9864390600316074
424 0.026726283 -1.5232663 1.6288449 -0.06889441094708353 0.12015924844266564 0.0884975172220078 0.9863992622662938
425 0.034879841 -1.5347813 1.6379017 -0.07129767177232417 0.1223117804162634 0.08669954804144339 0.9861235514582638
426 0.036278065 -1.5346186 1.6423961 -0.07100982747036179 0.12320889816260892 0.0863782224899869 0.9860608371168869
427 0.042892065 -1.5430132 1.6482693 -0.07379180998553095 0.12220039509491615 0.0862957813293457 0.9859892851053015
428 0.048332918 -1.5535282 1.6585912 -0.07644434522701632 0.12155935315117185 0.08735081379765802 0.9857735140858515
429 0.053159826 -1.5586598 1.6619672 -0.07703020983697158 0.11971230451996245 0.08747849751083793 0.9859426065406841
430 0.055812765 -1.5632601 1.6668577 -0.07846529663717793 0.11877565552408843 0.08689767373171689 0.9859940847583615
431 0.062853388 -1.5779676 1.6753967 -0.08138783569205808 0.11853399625150969 0.08707944134681803 0.9857701977787398
432 0.067645952 -1.5926538 1.6792293 -0.083897263177049 0.11692305311681118 0.09050226183221323 0.985443854049787
433 0.067896366 -1.5943559 1.680447 -0.08126452182824938 0.1158629678495493 0.0930439788759798 0.985552975830344
434 0.069590025 -1.6072209 1.6866074 -0.08265479857394299 0.1159136421027071 0.08933563779580635 0.9857744953420142
435 0.069948092 -1.6182791 1.6878383 -0.08477114697674018 0.11404143617002051 0.08909981344228313 0.9858344824163321
436 0.071576007 -1.625779 1.6862627 -0.08446878958027695 0.1108294225153134 0.09173396437463426 0.9859851634136685
437 0.071651168 -1.6336309 1.6923059 -0.08086603997778594 0.1081077971512353 0.09793987946013644 0.9859924785639861
438 0.073116697 -1.6421872 1.6942476 -0.08115837950584688 0.1060847986681446 0.09812857465909713 0.9861694153455065
439 0.071977317 -1.6427536 1.6948831 -0.07877510392981817 0.10527038766649663 0.09682317199134734 0.9865788877970812
440 0.070883274 -1.6513828 1.6982419 -0.07741129530235152 0.10476856789716966 0.0964749568857006 0.9867743517310785
441 0.070022583 -1.6542362 1.7003058 -0.07734376619188632 0.10437350135808751 0.09617831607332915 0.9868504676813032
442 0.067834981 -1.658303 1.7034928 -0.07547812994104706 0.10471654123955214 0.09280245571505255 0.9872817237773033
443 0.06765563 -1.6623147 1.7059846 -0.07602278732399959 0.10486396346615197 0.09112632630873316 0.9873804118105309
444 0.060029384 -1.6631049 1.7103003 -0.07439070425312311 0.10523736554725399 0.09232063110701617 0.9873540505236206
445 0.060282879 -1.6700933 1.7140837 -0.07664083592162144 0.10389241941347746 0.09010424363896308 0.9875291250063967
446 0.058647033 -1.6741474 1.7168314 -0.07535681681021847 0.10443098982425243 0.08912899708349223 0.987659627808816
447 0.051673058 -1.6786638 1.7235031 -0.07279749381583062 0.10262533699381349 0.08629912252067455 0.9882919743442228
448 0.050830714 -1.6818755 1.7249717 -0.07098221379390289 0.10151470180725547 0.0844276502771286 0.9887002895269039
449 0.044491742 -1.6869626 1.7339737 -0.0655983767022413 0.10068783793838565 0.0835988841630922 0.989226990549697
450 0.04331116 -1.6891912 1.7381076 -0.06287565771275842 0.09863485203835537 0.08237115360517423 0.9897134992937665
451 0.041701112 -1.691396 1.7419616 -0.060304118381030045 0.09772226187214558 0.08158679854069659 0.9900289728814801
452 0.037319008 -1.695762 1.7536268 -0.053154169761558276 0.09958093195692176 0.08121730595883321 0.9902838085318469
453 0.03499794 -1.6946311 1.7618419 -0.04989427757660607 0.09933096697227105 0.07973173476300721 0.9905991977268828
454 0.032719407 -1.7046634 1.7764567 -0.048164913099955436 0.09899068592562088 0.08161516568531799 0.9905654698081328
455 0.029806657 -1.7052213 1.7843411 -0.04622965922359929 0.09940648076431757 0.08260687873816816 0.9905338327262027
456 0.022230042 -1.705158 1.8025248 -0.04478105262589776 0.09708042246131421 0.08141167104296317 0.9909299615605746
457 0.022875585 -1.7172438 1.8119297 -0.048581361988719665 0.09641733753833098 0.08303823921436036 0.990680674646235
458 0.016638739 -1.7163574 1.8211926 -0.04804029143211668 0.09802468056880595 0.08447089132690938 0.990428170498466
459 0.011654621 -1.7409923 1.839087 -0.054776778794209065 0.1003535918358677 0.08001545519893116 0.9902152230903533
460 0.0046276893 -1.7411691 1.84545 -0.04854820841313671 0.10387715251834985 0.08053591618679869 0.9901346246084454
461 -0.0048677302 -1.7520112 1.8606827 -0.04790229193658836 0.1012833718464673 0.08425068245400087 0.9901256847091016
462 -0.010122863 -1.7546889 1.8661755 -0.047578479274476816 0.10070207161692434 0.08231221308438193 0.9903636103266009
463 -0.019409858 -1.7685945 1.8770944 -0.04542952672658997 0.10341991189636701 0.07778390206519237 0.9905504250184632
464 -0.024886969 -1.769187 1.8804655 -0.04555754564758938 0.1029416575378174 0.07614384752792684 0.990721777120892
465 -0.032079548 -1.7842633 1.8903464 -0.04427434391592793 0.10388383517683185 0.07373609910571094 0.9908637237019224
466 -0.036345892 -1.7900405 1.8938422 -0.045269509441372195 0.10315882066096356 0.07441430659156857 0.9908438021248721
467 -0.041523345 -1.8019882 1.9015405 -0.04548206047721816 0.10115017220487087 0.0729890701135179 0.9911471235299206
468 -0.044476677 -1.8084662 1.9053088 -0.044953148304005354 0.10312984358087122 0.07283874686873501 0.9909782877415304
469 -0.050424308 -1.8146545 1.9132482 -0.04472648501755759 0.1031810961872499 0.07156672310003474 0.9910758836094714
470 -0.052600931 -1.8203481 1.9168904 -0.04586589763459073 0.1030798071267174 0.07026474855681128 0.9911275083999738
471 -0.056929126 -1.8278033 1.9231105 -0.04719906564277534 0.10500575192644507 0.0665468022590884 0.9911193487032228
472 -0.059470449 -1.8369377 1.9257425 -0.047441304751804254 0.1043793421376942 0.0666777261563458 0.9911651509072381
473 -0.061965585 -1.839247 1.9288082 -0.048813606064661695 0.10159627581666661 0.06425554619407066 0.9915476052043338
474 -0.062230494 -1.8460348 1.9309564 -0.04886457099144234 0.10160688284693753 0.06357598669034017 0.9915878120349708
475 -0.062568672 -1.8460785 1.9310654 -0.04692619778804339 0.10134019341796617 0.06398143855576617 0.9916826471606234
476 -0.061090101 -1.8509427 1.9297884 -0.04786728958112833 0.10037109323170115 0.06200664216523755 0.9918616549494298
477 -0.059686612 -1.8524635 1.9292754 -0.04591349921473143 0.10063545992769748 0.0615937649577831 0.9919529539818535
478 -0.059689868 -1.8560522 1.9267839 -0.04218155968131859 0.09904919816156103 0.06020939134553655 0.9923632407340587
479 -0.058810186 -1.8544937 1.9254739 -0.03844667321076543 0.09764339554922356 0.05863044070163887 0.9927487557523172
480 -0.056025807 -1.8568871 1.9241282 -0.03712121381401263 0.09695850552176705 0.05849063278022128 0.9928745689002862
481 -0.054144077 -1.8544676 1.9217618 -0.02795025448988628 0.09481158049361851 0.06035866590870824 0.9932705466930819
482 -0.052576631 -1.8579823 1.9200735 -0.029823611871787004 0.0932100861151526 0.06029758394418096 0.9933713471767853
483 -0.049249105 -1.8586997 1.9179378 -0.025843167946682174 0.0923999372187442 0.058516706171086875 0.9936650227170817
484 -0.046380423 -1.8601094 1.9167888 -0.02480142360005593 0.0914508214793525 0.05761622785992787 0.9938319812349344
485 -0.040806267 -1.8576769 1.9139929 -0.017846714658369293 0.09021456104043163 0.056016636391821514 0.9941855783502049
486 -0.036569696 -1.8583082 1.9125075 -0.01838710426295691 0.08989419779138975 0.05444045889192236 0.9942923031160921
487 -0.031950168 -1.8586754 1.9107031 -0.011871782991328428 0.0890620300630173 0.0516703662013774 0.9946140904020396
488 -0.02687509 -1.858276 1.909703 -0.010956317695549077 0.08884437116227761 0.051440029023574335 0.99465600095178
489 -0.021748718 -1.8628398 1.9071748 -0.0039017885006703413 0.08865795101567044 0.055185577745708245 0.994524557654094
490 -0.019197011 -1.8621509 1.9059215 0.0004915882083281358 0.08933932932121819 0.05554016935312829 0.9944513724489972
491 -0.013360841 -1.8608707 1.9021777 0.005145622100967002 0.08917600154116656 0.05423377152718597 0.994524942547074
492 -0.011838824 -1.8586648 1.9012336 0.008187497208792449 0.08933963277199439 0.053690569498565356 0.9945193400093038
493 -0.01041157 -1.854368 1.898707 0.009288473128533842 0.08934106224554911 0.054203423519616926 0.9944817181539993
494 -0.0054784687 -1.8562659 1.8962649 0.011728402454378298 0.0883917748865947 0.054434449814576645 0.9945281440872602
495 -0.0024900348 -1.8525308 1.8945282 0.012738362696130868 0.08825159616697237 0.05310428470466351 0.9946000828653744
496 -0.0022217382 -1.8557007 1.8934307 0.011841763415367147 0.08857176354404869 0.052775603958276386 0.994600196545703
497 0.0016748016 -1.8508382 1.8907633 0.019624623335756528 0.08680551613098181 0.05234404973957661 0.9946556072254479
498 0.0030934017 -1.8525782 1.8894722 0.01675476363143905 0.08602014812249086 0.05067396951442906 0.9948627849237753
499 0.0051835752 -1.8611217 1.888508 0.01861811338176988 0.08645225889809184 0.05086604444748266 0.9947823974657912
